 precision    recall  f1-score   support

           $     0.9988    0.9964    0.9976       845
          ''     0.9344    0.9176    0.9259      1226
           ,     0.9974    0.9999    0.9986      8502
       -LRB-     0.6491    0.6435    0.6463       230
       -RRB-     0.6720    0.7273    0.6985       231
           .     0.9999    0.9981    0.9990      6884
           :     0.9125    0.8527    0.8816       930
         ADD     0.0000    0.0000    0.0000         0
         AFX     0.0000    0.0000    0.0000         1
          CC     0.9812    0.9953    0.9882      4242
          CD     0.9854    0.9729    0.9791      5491
          DT     0.9968    0.9929    0.9948     14333
          EX     0.9937    0.9937    0.9937       158
          FW     0.0833    0.1538    0.1081        26
        HYPH     0.9994    0.9961    0.9978      1808
          IN     0.9896    0.9779    0.9837     18671
          JJ     0.9109    0.9174    0.9141      9971
         JJR     0.9140    0.9011    0.9075       566
         JJS     0.9301    0.9217    0.9259       332
          LS     0.5455    0.7500    0.6316         8
          MD     0.9961    0.9944    0.9952      1784
         NFP     0.2500    0.2000    0.2222         5
          NN     0.9667    0.9470    0.9568     24435
         NNP     0.9117    0.9639    0.9371     17003
        NNPS     0.7347    0.5955    0.6578       623
         NNS     0.9485    0.9474    0.9479     10414
         PDT     0.7812    0.8721    0.8242        86
         POS     0.9350    0.8714    0.9021      1501
         PRP     0.9947    0.9960    0.9954      3025
        PRP$     0.9959    1.0000    0.9980      1463
          RB     0.9047    0.9124    0.9085      5481
         RBR     0.7811    0.7962    0.7886       260
         RBS     0.9043    0.8095    0.8543       105
          RP     0.7572    0.8761    0.8123       452
         SYM     0.9153    1.0000    0.9558        54
          TO     0.9943    0.9822    0.9882      2466
          UH     0.4091    0.4737    0.4390        19
          VB     0.9785    0.9777    0.9781      4753
         VBD     0.9714    0.9723    0.9718      5231
         VBG     0.9217    0.9042    0.9129      2590
         VBN     0.9195    0.8977    0.9085      3881
         VBP     0.9557    0.9726    0.9641      2083
         VBZ     0.9787    0.9875    0.9831      3768
         WDT     0.9812    0.9607    0.9709       815
          WP     0.9838    0.9907    0.9872       428
         WP$     1.0000    1.0000    1.0000        19
         WRB     1.0000    0.9918    0.9959       368
          XX     0.0000    0.0000    0.0000         1
          ``     0.9095    0.8690    0.8888      1260

    accuracy                         0.9596    168828
   macro avg     0.8219    0.8259    0.8228    168828
weighted avg     0.9603    0.9596    0.9598    168828