              precision    recall  f1-score   support

           $     0.9988    0.9905    0.9947       845
          ''     0.9431    0.9054    0.9238      1226
           ,     0.9989    0.9999    0.9994      8502
       -LRB-     0.6498    0.6696    0.6595       230
       -RRB-     0.7349    0.6840    0.7085       231
           .     0.9997    0.9996    0.9996      6884
           :     0.9057    0.8774    0.8913       930
         AFX     0.0000    0.0000    0.0000         1
          CC     0.9787    0.9965    0.9875      4242
          CD     0.9818    0.9721    0.9769      5491
          DT     0.9962    0.9934    0.9948     14333
          EX     1.0000    0.9937    0.9968       158
          FW     0.1034    0.2308    0.1429        26
        HYPH     0.9989    0.9967    0.9978      1808
          IN     0.9875    0.9804    0.9839     18671
          JJ     0.9139    0.9122    0.9131      9971
         JJR     0.8995    0.9170    0.9081       566
         JJS     0.9373    0.9006    0.9186       332
          LS     0.5714    0.5000    0.5333         8
          MD     0.9972    0.9922    0.9947      1784
         NFP     0.0000    0.0000    0.0000         5
          NN     0.9678    0.9460    0.9568     24435
         NNP     0.9075    0.9677    0.9366     17003
        NNPS     0.7768    0.5586    0.6499       623
         NNS     0.9464    0.9494    0.9479     10414
         PDT     0.7835    0.8837    0.8306        86
         POS     0.9121    0.8781    0.8948      1501
         PRP     0.9937    0.9964    0.9950      3025
        PRP$     0.9966    0.9993    0.9980      1463
          RB     0.9164    0.9017    0.9090      5481
         RBR     0.8204    0.7731    0.7960       260
         RBS     0.8700    0.8286    0.8488       105
          RP     0.7143    0.8960    0.7949       452
         SYM     0.9643    1.0000    0.9818        54
          TO     0.9963    0.9732    0.9846      2466
          UH     0.3636    0.4211    0.3902        19
          VB     0.9807    0.9737    0.9772      4753
         VBD     0.9728    0.9696    0.9712      5231
         VBG     0.9341    0.9031    0.9183      2590
         VBN     0.9136    0.9041    0.9088      3881
         VBP     0.9559    0.9688    0.9623      2083
         VBZ     0.9769    0.9857    0.9812      3768
         WDT     0.9776    0.9644    0.9710       815
          WP     0.9860    0.9907    0.9883       428
         WP$     1.0000    1.0000    1.0000        19
         WRB     0.9946    0.9918    0.9932       368
          XX     0.0000    0.0000    0.0000         1
          ``     0.9096    0.8468    0.8771      1260

    accuracy                         0.9591    168828
   macro avg     0.8360    0.8330    0.8331    168828
weighted avg     0.9601    0.9591    0.9594    168828
