              precision    recall  f1-score   support

           $     0.9941    0.9988    0.9965       845
          ''     0.9225    0.8744    0.8978      1226
           ,     0.9992    0.9999    0.9995      8502
       -LRB-     0.6941    0.5130    0.5900       230
       -RRB-     0.7986    0.4978    0.6133       231
           .     0.9997    1.0000    0.9999      6884
           :     0.8635    0.8570    0.8602       930
         AFX     0.0000    0.0000    0.0000         1
          CC     0.9805    0.9946    0.9875      4242
          CD     0.9738    0.9734    0.9736      5491
          DT     0.9974    0.9918    0.9946     14333
          EX     0.9812    0.9937    0.9874       158
          FW     0.1207    0.2692    0.1667        26
        HYPH     0.9989    0.9989    0.9989      1808
          IN     0.9926    0.9721    0.9823     18671
          JJ     0.9029    0.9098    0.9063      9971
         JJR     0.9005    0.9117    0.9061       566
         JJS     0.9608    0.8855    0.9216       332
          LS     0.0000    0.0000    0.0000         8
          MD     0.9922    0.9938    0.9930      1784
         NFP     0.0000    0.0000    0.0000         5
          NN     0.9484    0.9508    0.9496     24435
         NNP     0.9158    0.9501    0.9326     17003
        NNPS     0.7818    0.4831    0.5972       623
         NNS     0.9625    0.9249    0.9433     10414
         PDT     0.8152    0.8721    0.8427        86
         POS     0.8621    0.8874    0.8746      1501
         PRP     0.9941    0.9957    0.9949      3025
        PRP$     0.9959    1.0000    0.9980      1463
          RB     0.8835    0.9190    0.9009      5481
         RBR     0.7826    0.7615    0.7719       260
         RBS     0.8522    0.9333    0.8909       105
          RP     0.7002    0.9093    0.7911       452
         SYM     0.9815    0.9815    0.9815        54
          TO     0.9882    0.9886    0.9884      2466
          UH     0.1875    0.4737    0.2687        19
          VB     0.9734    0.9777    0.9755      4753
         VBD     0.9737    0.9633    0.9685      5231
         VBG     0.9054    0.9050    0.9052      2590
         VBN     0.8933    0.9013    0.8973      3881
         VBP     0.9489    0.9621    0.9554      2083
         VBZ     0.9787    0.9748    0.9767      3768
         WDT     0.9707    0.9755    0.9731       815
          WP     0.9953    0.9860    0.9906       428
         WP$     1.0000    1.0000    1.0000        19
         WRB     0.9946    0.9918    0.9932       368
          XX     0.0000    0.0000    0.0000         1
          ``     0.8834    0.8119    0.8462      1260

    accuracy                         0.9546    168828
   macro avg     0.8175    0.8149    0.8122    168828
weighted avg     0.9556    0.9546    0.9548    168828
